m_A:
[[-10. -20.]
 [-20. -10.]]

m_B:
[[20. 40.]
 [40. 20.]]

m_C:
[[ -9. -20.]
 [-20.  -9.]]

L_w:
[[[20.         40.        ]
  [40.         20.        ]]

 [[15.5        30.        ]
  [30.         15.5       ]]

 [[14.23266389 26.64645699]
  [26.64645699 14.23266389]]

 [[13.78942652 24.92831541]
  [24.92831541 13.78942652]]

 [[13.70249652 23.8271848 ]
  [23.8271848  13.70249652]]

 [[13.84144017 22.97690815]
  [22.97690815 13.84144017]]

 [[14.20572931 22.16474792]
  [22.16474792 14.20572931]]

 [[14.95014974 21.12935028]
  [21.12935028 14.95014974]]

 [[16.84411971 19.0424641 ]
  [19.0424641  16.84411971]]]

U_q:
[[[-0.51666667  0.03333333]
  [ 0.03333333 -0.51666667]]

 [[-0.69799166  0.06062903]
  [ 0.06062903 -0.69799166]]

 [[-0.79775986  0.08835125]
  [ 0.08835125 -0.79775986]]

 [[-0.8682709   0.11926027]
  [ 0.11926027 -0.8682709 ]]

 [[-0.92958746  0.15686574]
  [ 0.15686574 -0.92958746]]

 [[-0.99587445  0.20822369]
  [ 0.20822369 -0.99587445]]

 [[-1.08971497  0.29236497]
  [ 0.29236497 -1.08971497]]

 [[-1.29197305  0.48819251]
  [ 0.48819251 -1.29197305]]

 [[ 0.          0.        ]
  [ 0.          0.        ]]]

