0.000000000000000000e+00 0.000000000000000000e+00 0.000000000000000000e+00 0.000000000000000000e+00 0.000000000000000000e+00 0.000000000000000000e+00 0.000000000000000000e+00 0.000000000000000000e+00 0.000000000000000000e+00 0.000000000000000000e+00 0.000000000000000000e+00 0.000000000000000000e+00 0.000000000000000000e+00 0.000000000000000000e+00 0.000000000000000000e+00 0.000000000000000000e+00 0.000000000000000000e+00 0.000000000000000000e+00 0.000000000000000000e+00 0.000000000000000000e+00 0.000000000000000000e+00
0.000000000000000000e+00 2.256250000000000443e-03 4.275000000000000154e-03 6.056250000000000001e-03 7.600000000000001719e-03 8.906250000000000971e-03 9.975000000000001227e-03 1.080624999999999988e-02 1.140000000000000041e-02 1.175625000000000107e-02 1.187500000000000014e-02 1.175624999999999934e-02 1.140000000000000041e-02 1.080624999999999988e-02 9.974999999999997757e-03 8.906250000000000971e-03 7.599999999999998250e-03 6.056249999999997399e-03 4.274999999999999287e-03 2.256249999999996973e-03 0.000000000000000000e+00
0.000000000000000000e+00 4.275000000000001021e-03 8.100000000000001296e-03 1.147500000000000082e-02 1.440000000000000308e-02 1.687500000000000458e-02 1.890000000000000360e-02 2.047500000000000014e-02 2.160000000000000114e-02 2.227500000000000313e-02 2.250000000000000264e-02 2.227500000000000313e-02 2.160000000000000114e-02 2.047500000000000014e-02 1.890000000000000013e-02 1.687500000000000458e-02 1.439999999999999787e-02 1.147499999999999562e-02 8.099999999999999561e-03 4.274999999999994950e-03 0.000000000000000000e+00
0.000000000000000000e+00 6.056250000000000869e-03 1.147500000000000256e-02 1.625625000000000334e-02 2.040000000000000493e-02 2.390625000000000389e-02 2.677500000000000366e-02 2.900625000000000078e-02 3.060000000000000220e-02 3.155625000000000790e-02 3.187500000000000056e-02 3.155625000000000097e-02 3.060000000000000220e-02 2.900625000000000078e-02 2.677500000000000019e-02 2.390625000000000389e-02 2.040000000000000147e-02 1.625624999999999640e-02 1.147499999999999909e-02 6.056249999999993062e-03 0.000000000000000000e+00
0.000000000000000000e+00 7.600000000000001719e-03 1.440000000000000308e-02 2.040000000000000147e-02 2.560000000000000817e-02 3.000000000000000583e-02 3.360000000000001180e-02 3.640000000000000180e-02 3.840000000000000357e-02 3.960000000000001019e-02 4.000000000000000777e-02 3.960000000000000325e-02 3.840000000000000357e-02 3.640000000000000180e-02 3.359999999999999792e-02 3.000000000000000583e-02 2.559999999999999776e-02 2.039999999999999453e-02 1.439999999999999961e-02 7.599999999999990444e-03 0.000000000000000000e+00
0.000000000000000000e+00 8.906250000000000971e-03 1.687500000000000111e-02 2.390625000000000042e-02 3.000000000000000583e-02 3.515625000000000000e-02 3.937500000000000722e-02 4.265624999999999278e-02 4.499999999999999833e-02 4.640625000000000305e-02 4.687500000000000000e-02 4.640624999999999611e-02 4.499999999999999833e-02 4.265624999999999278e-02 3.937499999999999334e-02 3.515625000000000000e-02 2.999999999999999542e-02 2.390624999999999001e-02 1.687499999999999764e-02 8.906249999999988828e-03 0.000000000000000000e+00
0.000000000000000000e+00 9.975000000000001227e-03 1.890000000000000360e-02 2.677500000000000366e-02 3.360000000000000486e-02 3.937500000000000028e-02 4.410000000000000725e-02 4.777499999999999802e-02 5.040000000000000036e-02 5.197500000000001424e-02 5.250000000000000500e-02 5.197500000000000731e-02 5.040000000000000036e-02 4.777499999999999802e-02 4.410000000000000031e-02 3.937500000000000028e-02 3.359999999999999792e-02 2.677499999999999325e-02 1.890000000000000013e-02 9.974999999999987349e-03 0.000000000000000000e+00
0.000000000000000000e+00 1.080624999999999988e-02 2.047500000000000014e-02 2.900625000000000078e-02 3.640000000000000180e-02 4.265624999999999278e-02 4.777499999999999802e-02 5.175624999999999670e-02 5.459999999999999576e-02 5.630625000000000907e-02 5.687499999999999500e-02 5.630624999999999519e-02 5.459999999999999576e-02 5.175624999999999670e-02 4.777499999999999108e-02 4.265624999999999278e-02 3.639999999999998792e-02 2.900624999999998690e-02 2.047499999999999667e-02 1.080624999999998601e-02 0.000000000000000000e+00
0.000000000000000000e+00 1.140000000000000215e-02 2.160000000000000114e-02 3.060000000000000220e-02 3.840000000000001051e-02 4.500000000000000527e-02 5.040000000000000729e-02 5.459999999999999576e-02 5.759999999999999842e-02 5.940000000000000835e-02 5.999999999999999778e-02 5.940000000000000141e-02 5.759999999999999842e-02 5.459999999999999576e-02 5.039999999999999342e-02 4.500000000000000527e-02 3.839999999999998970e-02 3.059999999999998832e-02 2.159999999999999767e-02 1.139999999999998480e-02 0.000000000000000000e+00
0.000000000000000000e+00 1.175625000000000107e-02 2.227500000000000660e-02 3.155625000000000097e-02 3.960000000000001713e-02 4.640625000000000999e-02 5.197500000000001424e-02 5.630625000000000213e-02 5.940000000000000141e-02 6.125625000000001208e-02 6.187500000000000638e-02 6.125625000000000514e-02 5.940000000000000141e-02 5.630625000000000213e-02 5.197500000000000037e-02 4.640625000000000999e-02 3.960000000000000325e-02 3.155624999999998709e-02 2.227499999999999966e-02 1.175624999999998720e-02 0.000000000000000000e+00
0.000000000000000000e+00 1.187500000000000014e-02 2.250000000000000264e-02 3.187500000000000056e-02 4.000000000000000777e-02 4.687500000000000000e-02 5.250000000000000500e-02 5.687499999999999500e-02 5.999999999999999778e-02 6.187500000000000638e-02 6.250000000000000000e-02 6.187499999999999944e-02 5.999999999999999778e-02 5.687499999999999500e-02 5.249999999999999112e-02 4.687500000000000000e-02 3.999999999999999389e-02 3.187499999999998668e-02 2.249999999999999570e-02 1.187499999999998453e-02 0.000000000000000000e+00
0.000000000000000000e+00 1.175624999999999934e-02 2.227500000000000313e-02 3.155625000000000097e-02 3.960000000000000325e-02 4.640624999999999611e-02 5.197500000000000037e-02 5.630624999999998825e-02 5.939999999999999447e-02 6.125625000000000514e-02 6.187499999999999944e-02 6.125624999999999126e-02 5.939999999999999447e-02 5.630624999999998825e-02 5.197499999999999343e-02 4.640624999999999611e-02 3.959999999999999631e-02 3.155624999999998709e-02 2.227499999999999619e-02 1.175624999999998373e-02 0.000000000000000000e+00
0.000000000000000000e+00 1.139999999999999868e-02 2.160000000000000114e-02 3.059999999999999873e-02 3.840000000000000357e-02 4.499999999999999833e-02 5.040000000000000036e-02 5.459999999999998882e-02 5.759999999999999148e-02 5.940000000000000835e-02 5.999999999999999778e-02 5.939999999999999447e-02 5.759999999999999148e-02 5.459999999999998882e-02 5.039999999999998648e-02 4.499999999999999833e-02 3.839999999999998970e-02 3.059999999999998832e-02 2.159999999999999420e-02 1.139999999999998480e-02 0.000000000000000000e+00
0.000000000000000000e+00 1.080624999999999988e-02 2.047500000000000361e-02 2.900625000000000078e-02 3.640000000000000874e-02 4.265624999999999972e-02 4.777499999999999802e-02 5.175624999999998976e-02 5.459999999999999576e-02 5.630625000000000213e-02 5.687499999999999500e-02 5.630624999999999519e-02 5.459999999999999576e-02 5.175624999999998976e-02 4.777499999999999108e-02 4.265624999999999972e-02 3.639999999999998792e-02 2.900624999999998344e-02 2.047499999999999667e-02 1.080624999999998601e-02 0.000000000000000000e+00
0.000000000000000000e+00 9.974999999999997757e-03 1.890000000000000013e-02 2.677499999999999672e-02 3.360000000000000486e-02 3.937499999999999334e-02 4.409999999999999337e-02 4.777499999999999108e-02 5.039999999999999342e-02 5.197500000000000037e-02 5.249999999999999112e-02 5.197499999999999343e-02 5.039999999999999342e-02 4.777499999999999108e-02 4.409999999999998643e-02 3.937499999999999334e-02 3.359999999999999098e-02 2.677499999999998284e-02 1.889999999999999666e-02 9.974999999999985614e-03 0.000000000000000000e+00
0.000000000000000000e+00 8.906250000000000971e-03 1.687500000000000111e-02 2.390625000000000042e-02 3.000000000000000583e-02 3.515625000000000000e-02 3.937500000000000722e-02 4.265624999999999278e-02 4.499999999999999833e-02 4.640625000000000305e-02 4.687500000000000000e-02 4.640624999999999611e-02 4.499999999999999833e-02 4.265624999999999278e-02 3.937499999999999334e-02 3.515625000000000000e-02 2.999999999999999542e-02 2.390624999999999001e-02 1.687499999999999764e-02 8.906249999999988828e-03 0.000000000000000000e+00
0.000000000000000000e+00 7.599999999999999117e-03 1.439999999999999787e-02 2.039999999999999800e-02 2.560000000000000123e-02 2.999999999999999889e-02 3.359999999999999792e-02 3.639999999999998792e-02 3.839999999999998970e-02 3.959999999999999631e-02 3.999999999999999389e-02 3.959999999999999631e-02 3.839999999999998970e-02 3.639999999999998792e-02 3.359999999999999098e-02 2.999999999999999889e-02 2.559999999999999082e-02 2.039999999999998759e-02 1.439999999999999614e-02 7.599999999999988709e-03 0.000000000000000000e+00
0.000000000000000000e+00 6.056249999999997399e-03 1.147499999999999562e-02 1.625624999999999293e-02 2.039999999999999453e-02 2.390624999999999001e-02 2.677499999999998978e-02 2.900624999999997997e-02 3.059999999999998485e-02 3.155624999999998709e-02 3.187499999999998668e-02 3.155624999999998015e-02 3.059999999999998485e-02 2.900624999999997997e-02 2.677499999999998284e-02 2.390624999999999001e-02 2.039999999999998412e-02 1.625624999999998599e-02 1.147499999999999215e-02 6.056249999999989593e-03 0.000000000000000000e+00
0.000000000000000000e+00 4.274999999999999287e-03 8.099999999999999561e-03 1.147499999999999735e-02 1.440000000000000134e-02 1.687499999999999764e-02 1.890000000000000013e-02 2.047499999999999321e-02 2.159999999999999420e-02 2.227499999999999966e-02 2.249999999999999570e-02 2.227499999999999619e-02 2.159999999999999420e-02 2.047499999999999321e-02 1.889999999999999319e-02 1.687499999999999764e-02 1.439999999999999614e-02 1.147499999999999215e-02 8.099999999999997827e-03 4.274999999999994083e-03 0.000000000000000000e+00
0.000000000000000000e+00 2.256249999999997407e-03 4.274999999999994950e-03 6.056249999999992195e-03 7.599999999999992178e-03 8.906249999999988828e-03 9.974999999999989084e-03 1.080624999999998427e-02 1.139999999999998480e-02 1.175624999999998546e-02 1.187499999999998453e-02 1.175624999999998373e-02 1.139999999999998480e-02 1.080624999999998427e-02 9.974999999999985614e-03 8.906249999999988828e-03 7.599999999999989576e-03 6.056249999999989593e-03 4.274999999999994083e-03 2.256249999999993937e-03 0.000000000000000000e+00
0.000000000000000000e+00 0.000000000000000000e+00 0.000000000000000000e+00 0.000000000000000000e+00 0.000000000000000000e+00 0.000000000000000000e+00 0.000000000000000000e+00 0.000000000000000000e+00 0.000000000000000000e+00 0.000000000000000000e+00 0.000000000000000000e+00 0.000000000000000000e+00 0.000000000000000000e+00 0.000000000000000000e+00 0.000000000000000000e+00 0.000000000000000000e+00 0.000000000000000000e+00 0.000000000000000000e+00 0.000000000000000000e+00 0.000000000000000000e+00 0.000000000000000000e+00
