0.000000000000000000e+00 0.000000000000000000e+00 0.000000000000000000e+00 0.000000000000000000e+00 0.000000000000000000e+00 0.000000000000000000e+00 0.000000000000000000e+00 0.000000000000000000e+00 0.000000000000000000e+00 0.000000000000000000e+00 0.000000000000000000e+00 0.000000000000000000e+00 0.000000000000000000e+00 0.000000000000000000e+00 0.000000000000000000e+00 0.000000000000000000e+00 0.000000000000000000e+00 0.000000000000000000e+00 0.000000000000000000e+00 0.000000000000000000e+00 0.000000000000000000e+00
0.000000000000000000e+00 4.336808689942017736e-19 1.734723475976807094e-18 1.734723475976807094e-18 0.000000000000000000e+00 3.469446951953614189e-18 1.734723475976807094e-18 8.673617379884035472e-18 1.734723475976807094e-18 5.204170427930421283e-18 6.938893903907228378e-18 1.734723475976807094e-18 1.214306433183764966e-17 8.673617379884035472e-18 1.040834085586084257e-17 1.734723475976807094e-18 8.673617379884035472e-18 2.602085213965210642e-18 3.469446951953614189e-18 4.336808689942017736e-19 0.000000000000000000e+00
0.000000000000000000e+00 8.673617379884035472e-19 0.000000000000000000e+00 6.938893903907228378e-18 6.938893903907228378e-18 6.938893903907228378e-18 3.469446951953614189e-18 6.938893903907228378e-18 3.469446951953614189e-18 1.040834085586084257e-17 6.938893903907228378e-18 1.040834085586084257e-17 6.938893903907228378e-18 1.387778780781445676e-17 3.469446951953614189e-18 0.000000000000000000e+00 0.000000000000000000e+00 1.387778780781445676e-17 6.938893903907228378e-18 9.540979117872439019e-18 0.000000000000000000e+00
0.000000000000000000e+00 2.602085213965210642e-18 5.204170427930421283e-18 1.040834085586084257e-17 1.040834085586084257e-17 3.469446951953614189e-18 6.938893903907228378e-18 6.938893903907228378e-18 6.938893903907228378e-18 1.387778780781445676e-17 2.081668171172168513e-17 2.081668171172168513e-17 3.122502256758252770e-17 1.734723475976807094e-17 1.734723475976807094e-17 6.938893903907228378e-18 6.938893903907228378e-18 3.469446951953614189e-18 6.938893903907228378e-18 2.602085213965210642e-18 0.000000000000000000e+00
0.000000000000000000e+00 0.000000000000000000e+00 6.938893903907228378e-18 1.387778780781445676e-17 6.938893903907228378e-18 6.938893903907228378e-18 0.000000000000000000e+00 1.387778780781445676e-17 6.938893903907228378e-18 1.387778780781445676e-17 2.081668171172168513e-17 2.775557561562891351e-17 2.081668171172168513e-17 2.081668171172168513e-17 6.938893903907228378e-18 1.040834085586084257e-17 0.000000000000000000e+00 2.081668171172168513e-17 1.734723475976807094e-18 1.301042606982605321e-17 0.000000000000000000e+00
0.000000000000000000e+00 3.469446951953614189e-18 1.040834085586084257e-17 0.000000000000000000e+00 6.938893903907228378e-18 1.387778780781445676e-17 6.938893903907228378e-18 6.938893903907228378e-18 2.775557561562891351e-17 1.387778780781445676e-17 3.469446951953614189e-17 1.387778780781445676e-17 4.163336342344337027e-17 6.938893903907228378e-18 2.775557561562891351e-17 6.938893903907228378e-18 2.428612866367529932e-17 6.938893903907228378e-18 1.040834085586084257e-17 8.673617379884035472e-18 0.000000000000000000e+00
0.000000000000000000e+00 1.734723475976807094e-18 3.469446951953614189e-18 6.938893903907228378e-18 6.938893903907228378e-18 1.387778780781445676e-17 6.938893903907228378e-18 2.081668171172168513e-17 6.938893903907228378e-18 6.938893903907228378e-18 1.387778780781445676e-17 2.081668171172168513e-17 1.387778780781445676e-17 2.775557561562891351e-17 6.938893903907228378e-18 2.081668171172168513e-17 1.387778780781445676e-17 2.081668171172168513e-17 3.469446951953614189e-18 2.081668171172168513e-17 0.000000000000000000e+00
0.000000000000000000e+00 8.673617379884035472e-18 6.938893903907228378e-18 6.938893903907228378e-18 1.387778780781445676e-17 6.938893903907228378e-18 2.081668171172168513e-17 1.387778780781445676e-17 2.081668171172168513e-17 6.938893903907228378e-18 2.775557561562891351e-17 0.000000000000000000e+00 3.469446951953614189e-17 0.000000000000000000e+00 3.469446951953614189e-17 6.938893903907228378e-18 2.775557561562891351e-17 1.040834085586084257e-17 1.040834085586084257e-17 1.387778780781445676e-17 0.000000000000000000e+00
0.000000000000000000e+00 3.469446951953614189e-18 3.469446951953614189e-18 6.938893903907228378e-18 1.387778780781445676e-17 2.081668171172168513e-17 1.387778780781445676e-17 2.081668171172168513e-17 1.387778780781445676e-17 6.938893903907228378e-18 1.387778780781445676e-17 2.775557561562891351e-17 0.000000000000000000e+00 3.469446951953614189e-17 1.387778780781445676e-17 1.387778780781445676e-17 6.938893903907228378e-18 2.775557561562891351e-17 3.469446951953614189e-18 2.255140518769849223e-17 0.000000000000000000e+00
0.000000000000000000e+00 5.204170427930421283e-18 6.938893903907228378e-18 6.938893903907228378e-18 6.938893903907228378e-18 2.081668171172168513e-17 6.938893903907228378e-18 0.000000000000000000e+00 1.387778780781445676e-17 0.000000000000000000e+00 6.938893903907228378e-18 1.387778780781445676e-17 2.081668171172168513e-17 0.000000000000000000e+00 3.469446951953614189e-17 1.387778780781445676e-17 2.081668171172168513e-17 6.938893903907228378e-18 1.387778780781445676e-17 8.673617379884035472e-18 0.000000000000000000e+00
0.000000000000000000e+00 6.938893903907228378e-18 6.938893903907228378e-18 2.081668171172168513e-17 2.081668171172168513e-17 3.469446951953614189e-17 1.387778780781445676e-17 2.775557561562891351e-17 1.387778780781445676e-17 6.938893903907228378e-18 0.000000000000000000e+00 2.775557561562891351e-17 0.000000000000000000e+00 3.469446951953614189e-17 6.938893903907228378e-18 2.081668171172168513e-17 0.000000000000000000e+00 2.775557561562891351e-17 0.000000000000000000e+00 2.428612866367529932e-17 0.000000000000000000e+00
0.000000000000000000e+00 1.734723475976807094e-18 1.040834085586084257e-17 2.081668171172168513e-17 2.775557561562891351e-17 1.387778780781445676e-17 2.775557561562891351e-17 6.938893903907228378e-18 3.469446951953614189e-17 1.387778780781445676e-17 2.775557561562891351e-17 2.775557561562891351e-17 3.469446951953614189e-17 6.938893903907228378e-18 2.775557561562891351e-17 0.000000000000000000e+00 2.081668171172168513e-17 6.938893903907228378e-18 2.081668171172168513e-17 6.938893903907228378e-18 0.000000000000000000e+00
0.000000000000000000e+00 1.387778780781445676e-17 6.938893903907228378e-18 3.469446951953614189e-17 2.081668171172168513e-17 4.163336342344337027e-17 1.387778780781445676e-17 4.163336342344337027e-17 6.938893903907228378e-18 1.387778780781445676e-17 0.000000000000000000e+00 3.469446951953614189e-17 0.000000000000000000e+00 3.469446951953614189e-17 1.387778780781445676e-17 2.081668171172168513e-17 1.387778780781445676e-17 2.775557561562891351e-17 0.000000000000000000e+00 2.602085213965210642e-17 0.000000000000000000e+00
0.000000000000000000e+00 8.673617379884035472e-18 1.040834085586084257e-17 1.734723475976807094e-17 1.387778780781445676e-17 1.387778780781445676e-17 2.775557561562891351e-17 6.938893903907228378e-18 3.469446951953614189e-17 0.000000000000000000e+00 3.469446951953614189e-17 0.000000000000000000e+00 2.775557561562891351e-17 6.938893903907228378e-18 2.775557561562891351e-17 1.387778780781445676e-17 2.775557561562891351e-17 3.469446951953614189e-18 2.081668171172168513e-17 3.469446951953614189e-18 0.000000000000000000e+00
0.000000000000000000e+00 1.040834085586084257e-17 3.469446951953614189e-18 2.081668171172168513e-17 1.387778780781445676e-17 2.775557561562891351e-17 0.000000000000000000e+00 3.469446951953614189e-17 1.387778780781445676e-17 3.469446951953614189e-17 6.938893903907228378e-18 2.775557561562891351e-17 6.938893903907228378e-18 2.775557561562891351e-17 1.387778780781445676e-17 2.775557561562891351e-17 0.000000000000000000e+00 3.816391647148975608e-17 3.469446951953614189e-18 2.081668171172168513e-17 0.000000000000000000e+00
0.000000000000000000e+00 1.734723475976807094e-18 3.469446951953614189e-18 3.469446951953614189e-18 1.040834085586084257e-17 6.938893903907228378e-18 1.387778780781445676e-17 6.938893903907228378e-18 2.081668171172168513e-17 6.938893903907228378e-18 2.081668171172168513e-17 0.000000000000000000e+00 2.081668171172168513e-17 6.938893903907228378e-18 2.775557561562891351e-17 1.387778780781445676e-17 2.081668171172168513e-17 3.469446951953614189e-18 1.040834085586084257e-17 8.673617379884035472e-18 0.000000000000000000e+00
0.000000000000000000e+00 7.806255641895631925e-18 0.000000000000000000e+00 1.040834085586084257e-17 3.469446951953614189e-18 2.081668171172168513e-17 1.387778780781445676e-17 2.775557561562891351e-17 6.938893903907228378e-18 2.775557561562891351e-17 0.000000000000000000e+00 2.081668171172168513e-17 1.387778780781445676e-17 2.775557561562891351e-17 0.000000000000000000e+00 1.734723475976807094e-17 1.040834085586084257e-17 1.734723475976807094e-17 3.469446951953614189e-18 1.214306433183764966e-17 0.000000000000000000e+00
0.000000000000000000e+00 2.602085213965210642e-18 1.387778780781445676e-17 0.000000000000000000e+00 2.081668171172168513e-17 6.938893903907228378e-18 2.428612866367529932e-17 1.734723475976807094e-17 3.122502256758252770e-17 6.938893903907228378e-18 2.775557561562891351e-17 1.387778780781445676e-17 3.122502256758252770e-17 6.938893903907228378e-18 3.816391647148975608e-17 3.469446951953614189e-18 2.081668171172168513e-17 1.387778780781445676e-17 8.673617379884035472e-18 1.127570259384924611e-17 0.000000000000000000e+00
0.000000000000000000e+00 3.469446951953614189e-18 6.938893903907228378e-18 8.673617379884035472e-18 3.469446951953614189e-18 1.040834085586084257e-17 3.469446951953614189e-18 1.387778780781445676e-17 0.000000000000000000e+00 1.387778780781445676e-17 0.000000000000000000e+00 2.081668171172168513e-17 0.000000000000000000e+00 2.428612866367529932e-17 6.938893903907228378e-18 1.040834085586084257e-17 3.469446951953614189e-18 8.673617379884035472e-18 1.734723475976807094e-18 4.336808689942017736e-18 0.000000000000000000e+00
0.000000000000000000e+00 0.000000000000000000e+00 9.540979117872439019e-18 3.469446951953614189e-18 1.127570259384924611e-17 8.673617379884035472e-18 1.908195823574487804e-17 1.561251128379126385e-17 2.255140518769849223e-17 1.040834085586084257e-17 2.428612866367529932e-17 6.938893903907228378e-18 2.602085213965210642e-17 5.204170427930421283e-18 2.081668171172168513e-17 8.673617379884035472e-18 1.127570259384924611e-17 1.127570259384924611e-17 4.336808689942017736e-18 7.806255641895631925e-18 0.000000000000000000e+00
0.000000000000000000e+00 0.000000000000000000e+00 0.000000000000000000e+00 0.000000000000000000e+00 0.000000000000000000e+00 0.000000000000000000e+00 0.000000000000000000e+00 0.000000000000000000e+00 0.000000000000000000e+00 0.000000000000000000e+00 0.000000000000000000e+00 0.000000000000000000e+00 0.000000000000000000e+00 0.000000000000000000e+00 0.000000000000000000e+00 0.000000000000000000e+00 0.000000000000000000e+00 0.000000000000000000e+00 0.000000000000000000e+00 0.000000000000000000e+00 0.000000000000000000e+00
