L = 5, M = 5
N = 6
Theory, time = {time_max}:
     0.0       18.0      36.0      54.0      72.0    90.0
0.0   0.0  0.000000  0.000000  0.000000  0.000000  0.0000
0.2   0.0  0.000004  0.000048  0.000171  0.000327  0.0004
0.4   0.0  0.000058  0.000764  0.002742  0.005236  0.0064
0.6   0.0  0.000295  0.003867  0.013880  0.026508  0.0324
0.8   0.0  0.000934  0.012223  0.043866  0.083777  0.1024
1.0   0.0  0.002280  0.029841  0.107095  0.204534  0.2500
Experimental, time = {time_max}:
     0.0       18.0      36.0      54.0      72.0    90.0
0.0   0.0  0.000000  0.000000  0.000000  0.000000  0.0000
0.2   0.0  0.003208  0.004578  0.006129  0.006449  0.0004
0.4   0.0  0.005161  0.009896  0.016535  0.019847  0.0064
0.6   0.0  0.008267  0.019483  0.036818  0.048904  0.0324
0.8   0.0  0.013025  0.035411  0.072187  0.104544  0.1024
1.0   0.0  0.002280  0.029841  0.107095  0.204534  0.2500
Max error WHOLE GRID = 0.028320951203282527
Max error 5x5 = 0.028320951203282527
Max relative error = 878.4781963165373
Relative error index: r = 0.2, teta = 0.3141592653589793
u_error_max_rel = 0.003204206038377659
u_theory_max_rel = 3.647450843757885e-06
