L = 10
0.0008969064319587217 0.0017336714372911954 0.002131134374009136 0.0025154484243326003 0.0032468240271215087 0.003931889614113393 
L = 20
0.00024615347645273733 0.000480573434673226 0.0005925329087728137 0.0007008395478736995 0.0009065296319651361 0.0010981477521989635 
L = 50
4.4654627982865236e-05 8.657571372350237e-05 0.00010692775075860084 0.00012660517257423454 0.00016423211639393642 0.0002006172892496938 
L = 100
1.5111788165600437e-05 2.9334139239223234e-05 3.613945205127589e-05 4.279608198132223e-05 5.559236021890346e-05 6.777316028139246e-05 
L = 200
3.0045801469924527e-05 5.832577062425681e-05 7.188541010327842e-05 8.51067482522394e-05 0.00011056288161914729 0.00013481865049524977 
L = 50
4.4654627982865236e-05 8.657571372350237e-05 0.00010692775075860084 0.00012660517257423454 0.00016423211639393642 0.0002006172892496938 
